#  Number of atoms 
          20
 NA     -1.710    0.271    0.017  14.0070   0.1829   3.2500  0.1700 
 CW     -1.821   -1.058   -0.352  12.0110  -0.1467   3.4000  0.0859 
 NA      0.260   -0.626    0.259  14.0070   0.1833   3.2500  0.1700 
 CW     -0.587   -1.619   -0.201  12.0110  -0.2249   3.4000  0.0859 
 CR     -0.444    0.509    0.381  12.0110  -0.0844   3.4000  0.0859 
 CT     -2.801    1.257    0.008  12.0110  -0.3110   3.4000  0.1090 
 CT      1.701   -0.775    0.558  12.0110  -0.2201   3.4000  0.1090 
 CT      2.579    0.039   -0.384  12.0110   0.3398   3.4000  0.1090 
 H5     -0.037    1.457    0.697   1.0080   0.2312   1.7820  0.0150 
 H4     -2.754   -1.487   -0.683   1.0080   0.2235   2.5110  0.0150 
 H4     -0.248   -2.629   -0.372   1.0080   0.2428   2.5110  0.0150 
 H1     -2.412    2.216    0.353   1.0080   0.1641   2.4710  0.0157 
 H1     -3.186    1.365   -1.007   1.0080   0.1641   2.4710  0.0157 
 H1     -3.596    0.925    0.678   1.0080   0.1641   2.4710  0.0157 
 H1      1.866   -0.460    1.592   1.0080   0.1483   2.4710  0.0157 
 H1      1.936   -1.838    0.478   1.0080   0.1483   2.4710  0.0157 
 HC      3.624   -0.164   -0.122   1.0080   0.0143   2.6500  0.0157 
 HC      2.413   -0.266   -1.426   1.0080   0.0143   2.6500  0.0157 
 O       2.243    1.408   -0.186  15.9990  -0.6823   3.1200  0.1700 
 H       2.841    1.977   -0.689   1.0080   0.4484   0.0000  0.0000 

